<svg xmlns="http://www.w3.org/2000/svg" version="1.1" width="1280" height="452">
<path d="M0 0 C0.28 7.89 0.49 15.78 0.62 23.68 C0.68 27.35 0.77 31.01 0.91 34.68 C1.84 60.36 1.84 60.36 -2.54 66.28 C-5.32 69.16 -8.5 71.07 -12 73 C-13.8 74.43 -15.57 75.88 -17.31 77.38 C-18.21 78.09 -19.1 78.81 -20.02 79.55 C-23.57 82.47 -27.04 85.48 -30.5 88.5 C-35.63 92.98 -40.83 97.34 -46.12 101.62 C-49.64 104.52 -53.07 107.51 -56.5 110.5 C-61.63 114.98 -66.83 119.34 -72.12 123.62 C-75.64 126.52 -79.07 129.51 -82.5 132.5 C-87.66 137 -92.88 141.39 -98.2 145.7 C-102.07 148.88 -105.87 152.15 -109.67 155.42 C-115.21 160.19 -120.8 164.92 -126.39 169.64 C-129.1 171.93 -131.8 174.21 -134.5 176.5 C-135.58 177.42 -136.67 178.33 -137.75 179.25 C-138.29 179.7 -138.82 180.16 -139.38 180.62 C-167 204 -194.62 227.37 -222.25 250.75 C-222.79 251.2 -223.32 251.66 -223.88 252.13 C-224.96 253.04 -226.04 253.96 -227.12 254.87 C-229.86 257.18 -232.59 259.5 -235.32 261.82 C-252.39 276.31 -252.39 276.31 -260.17 282.14 C-260.89 282.67 -261.61 283.21 -262.35 283.76 C-262.89 284.17 -263.44 284.58 -264 285 C-264.3 276.98 -264.53 268.96 -264.67 260.93 C-264.74 257.2 -264.83 253.47 -264.98 249.75 C-265.99 223.64 -265.99 223.64 -261.28 217.73 C-258.2 214.79 -254.78 212.93 -251 211 C-248.93 209.41 -248.93 209.41 -247.27 207.84 C-242.43 203.72 -237.57 199.63 -232.62 195.62 C-227.5 191.46 -222.52 187.14 -217.55 182.8 C-213.06 178.9 -208.5 175.12 -203.88 171.38 C-200.36 168.48 -196.93 165.49 -193.5 162.5 C-188.37 158.02 -183.17 153.66 -177.88 149.38 C-174.36 146.48 -170.93 143.49 -167.5 140.5 C-162.37 136.02 -157.17 131.66 -151.88 127.38 C-148.36 124.48 -144.93 121.49 -141.5 118.5 C-136.37 114.02 -131.17 109.66 -125.88 105.38 C-122.36 102.48 -118.93 99.49 -115.5 96.5 C-110.34 92 -105.12 87.61 -99.8 83.3 C-95.93 80.12 -92.13 76.85 -88.33 73.58 C-82.79 68.81 -77.2 64.08 -71.61 59.36 C-68.9 57.07 -66.2 54.79 -63.5 52.5 C-62.42 51.58 -61.33 50.67 -60.25 49.75 C-59.71 49.3 -59.18 48.84 -58.62 48.38 C-48.33 39.67 -38.04 30.96 -27.75 22.25 C-27.21 21.8 -26.68 21.34 -26.12 20.87 C-25.05 19.96 -23.97 19.05 -22.89 18.14 C-20.07 15.75 -17.25 13.36 -14.43 10.97 C-13.85 10.47 -13.26 9.97 -12.66 9.46 C-11.54 8.51 -10.43 7.57 -9.31 6.62 C-1.52 0 -1.52 0 0 0 Z " fill="#F17F83" transform="translate(597,12)"/>
<path d="M0 0 C6.22 5.04 9.89 11.06 12.73 18.46 C13.06 17.9 13.39 17.34 13.73 16.77 C20.82 5.4 30.46 -2.04 43.58 -5.15 C55.2 -7.29 68.31 -6.47 78.29 0.15 C86.13 6.51 89.91 14.64 91.73 24.46 C91.99 27.76 91.99 31.05 91.96 34.36 C91.96 35.32 91.96 36.28 91.96 37.26 C91.96 40.4 91.95 43.54 91.93 46.68 C91.93 48.86 91.92 51.05 91.92 53.23 C91.91 58.97 91.89 64.7 91.87 70.44 C91.85 76.29 91.84 82.15 91.83 88.01 C91.81 99.49 91.78 110.98 91.73 122.46 C82.49 122.46 73.25 122.46 63.73 122.46 C63.71 118.43 63.71 118.43 63.69 114.32 C63.64 105.44 63.57 96.55 63.5 87.67 C63.45 82.28 63.41 76.9 63.39 71.51 C63.36 66.31 63.32 61.11 63.27 55.91 C63.25 53.93 63.24 51.95 63.24 49.97 C63.23 47.19 63.2 44.41 63.17 41.63 C63.17 40.81 63.17 40 63.17 39.16 C63.07 32.79 61.91 27.21 57.86 22.08 C53.3 18.59 49.43 17.98 43.73 18.46 C35.3 20.02 29.55 24.79 24.2 31.34 C17.78 40.74 15.68 52.13 15.53 63.31 C15.52 63.96 15.51 64.6 15.5 65.26 C15.47 67.37 15.44 69.47 15.42 71.58 C15.4 73.05 15.38 74.52 15.35 75.99 C15.3 79.84 15.25 83.68 15.2 87.53 C15.15 91.47 15.1 95.4 15.04 99.34 C14.93 107.04 14.83 114.75 14.73 122.46 C5.82 122.46 -3.09 122.46 -12.27 122.46 C-12.3 118.89 -12.3 118.89 -12.33 115.24 C-12.39 107.33 -12.47 99.41 -12.55 91.5 C-12.6 86.71 -12.65 81.91 -12.69 77.12 C-12.72 72.48 -12.77 67.85 -12.82 63.21 C-12.84 61.45 -12.86 59.7 -12.87 57.94 C-11.95 38.34 -11.95 38.34 -19.27 21.46 C-25.5 17.93 -30.83 17.63 -37.64 19.46 C-45.94 22.55 -50.98 28.29 -55.14 35.96 C-62.71 53.07 -61.8 71.41 -61.94 89.76 C-61.97 93.45 -62.01 97.15 -62.06 100.84 C-62.14 108.05 -62.2 115.25 -62.27 122.46 C-71.18 122.46 -80.09 122.46 -89.27 122.46 C-89.27 88.14 -89.27 53.82 -89.27 18.46 C-93.56 18.13 -97.85 17.8 -102.27 17.46 C-105.27 17.14 -108.27 16.81 -111.27 16.46 C-111.27 10.52 -111.27 4.58 -111.27 -1.54 C-95.18 -3.37 -79.45 -3.76 -63.27 -3.54 C-63.27 3.06 -63.27 9.66 -63.27 16.46 C-62.25 15.1 -61.24 13.73 -60.2 12.33 C-46.63 -4.98 -19.37 -13.19 0 0 Z " fill="#221E1F" transform="translate(707.265625,313.54296875)"/>
<path d="M0 0 C0 53.79 0 107.58 0 163 C5.28 163.33 10.56 163.66 16 164 C17.98 164.33 19.96 164.66 22 165 C22 170.94 22 176.88 22 183 C-5.58 185.2 -5.58 185.2 -16.62 185.19 C-17.72 185.19 -17.72 185.19 -18.84 185.19 C-23.73 185.14 -23.73 185.14 -26 184 C-26 178.06 -26 172.12 -26 166 C-26.99 167.36 -27.98 168.72 -29 170.12 C-36.23 179.33 -46.3 185.26 -58 187 C-72.66 187.95 -84.16 185.41 -95.93 176.55 C-104.74 168.79 -108.98 156.21 -111 145 C-111.2 143.94 -111.2 143.94 -111.39 142.85 C-114.46 121.51 -111.1 98.61 -98.94 80.57 C-93.12 72.87 -86.53 67.45 -78 63 C-77.33 62.62 -76.66 62.24 -75.96 61.85 C-61.04 54.2 -43.06 55.66 -27 57 C-27 45.12 -27 33.24 -27 21 C-32.61 20.67 -38.22 20.34 -44 20 C-45.65 19.67 -47.3 19.34 -49 19 C-49 13.06 -49 7.12 -49 1 C-45 0.71 -41 0.42 -37.01 0.15 C-35 0 -32.99 -0.14 -30.98 -0.29 C-7.62 -1.9 -7.62 -1.9 0 0 Z M-72 88 C-80.45 99.24 -82.19 110.95 -82.25 124.62 C-82.27 125.75 -82.29 126.88 -82.31 128.04 C-82.36 138.58 -80.96 149.72 -73.4 157.69 C-68.23 162.43 -63.31 164.53 -56.14 164.31 C-48.05 163.13 -41.26 158.25 -36.38 151.88 C-28.39 139.7 -26.81 125.58 -26.9 111.37 C-26.9 110.06 -26.9 110.06 -26.91 108.72 C-26.91 105.96 -26.92 103.2 -26.94 100.44 C-26.94 98.55 -26.95 96.67 -26.95 94.78 C-26.96 90.19 -26.98 85.59 -27 81 C-33.17 79.36 -38.56 78.66 -44.94 78.69 C-45.78 78.67 -46.62 78.66 -47.49 78.64 C-56.94 78.63 -65.23 81.2 -72 88 Z " fill="#221E1F" transform="translate(1068,252)"/>
<path d="M0 0 C7.26 0 14.52 0 22 0 C27.36 16.59 32.19 33.32 36.99 50.08 C38.05 53.8 39.12 57.52 40.19 61.24 C41.76 66.71 43.33 72.18 44.9 77.65 C45.24 78.86 45.59 80.07 45.95 81.32 C46.68 83.89 47.41 86.45 48.12 89.02 C48.4 89.99 48.4 89.99 48.68 90.98 C49.18 92.78 49.68 94.58 50.18 96.37 C50.75 98.9 50.75 98.9 52 100 C52.23 99.13 52.23 99.13 52.47 98.24 C57.42 79.87 63.13 61.81 69.04 43.73 C70.7 38.65 72.36 33.56 74.01 28.47 C74.88 25.78 75.76 23.09 76.64 20.4 C77.23 18.57 77.23 18.57 77.84 16.71 C78.19 15.65 78.53 14.59 78.89 13.5 C80.31 9.02 81.65 4.51 83 0 C90.59 0 98.18 0 106 0 C110.5 11.25 110.5 11.25 111.76 15.13 C112.05 16 112.34 16.88 112.64 17.79 C112.93 18.7 113.23 19.62 113.54 20.57 C113.86 21.56 114.18 22.55 114.52 23.56 C115.56 26.75 116.59 29.94 117.62 33.12 C118.34 35.33 119.06 37.53 119.77 39.73 C123.87 52.34 127.93 64.97 131.88 77.62 C132.18 78.6 132.18 78.6 132.49 79.59 C133.67 83.39 134.84 87.19 136 91 C136.23 91.74 136.46 92.47 136.7 93.23 C137.65 96.37 138 98.65 138 102 C138.66 102 139.32 102 140 102 C140.12 101.01 140.24 100.01 140.36 98.99 C140.94 94.96 142 91.11 143.16 87.21 C143.38 86.45 143.6 85.7 143.83 84.92 C144.57 82.4 145.32 79.89 146.06 77.38 C146.59 75.6 147.11 73.82 147.63 72.05 C149.41 66.03 151.2 60.01 153 54 C153.34 52.85 153.69 51.7 154.04 50.51 C156.22 43.21 158.41 35.9 160.6 28.6 C161.33 26.2 162.05 23.79 162.77 21.39 C163.78 18.01 164.8 14.63 165.82 11.25 C166.13 10.23 166.44 9.2 166.75 8.15 C167.04 7.22 167.32 6.29 167.61 5.33 C167.85 4.51 168.1 3.7 168.35 2.86 C169 1 169 1 170 0 C171.56 -0.09 173.13 -0.11 174.69 -0.1 C175.64 -0.09 176.58 -0.09 177.55 -0.09 C178.55 -0.08 179.54 -0.07 180.56 -0.06 C181.56 -0.06 182.56 -0.05 183.58 -0.05 C186.06 -0.04 188.53 -0.02 191 0 C188.84 8.3 186.3 16.43 183.61 24.56 C183.18 25.87 182.75 27.17 182.32 28.47 C181.41 31.23 180.51 33.98 179.6 36.73 C177.46 43.2 175.33 49.67 173.2 56.15 C172.49 58.31 171.78 60.48 171.06 62.64 C168.23 71.25 165.41 79.87 162.61 88.5 C162.28 89.5 161.95 90.51 161.62 91.54 C160.41 95.25 159.21 98.96 158.01 102.67 C157.21 105.14 156.42 107.6 155.62 110.06 C155.28 111.11 155.28 111.11 154.94 112.17 C153.42 116.85 151.73 121.39 150 126 C142.41 126 134.82 126 127 126 C122.7 113.41 118.39 100.81 114.1 88.21 C112.97 84.91 111.84 81.61 110.72 78.31 C108.79 72.67 106.86 67.02 104.94 61.37 C104.19 59.18 103.44 56.98 102.69 54.79 C101.63 51.68 100.58 48.58 99.52 45.47 C99.21 44.56 98.9 43.65 98.57 42.71 C96.58 36.84 94.74 30.95 93 25 C92.79 25.71 92.58 26.43 92.36 27.16 C86.11 48.14 79.68 69.07 73.18 89.97 C71.92 94.06 70.65 98.14 69.38 102.23 C66.92 110.15 64.46 118.08 62 126 C54.41 126 46.82 126 39 126 C34.5 114.75 34.5 114.75 32.73 109.01 C32.54 108.39 32.34 107.76 32.14 107.11 C31.51 105.07 30.88 103.02 30.25 100.97 C29.8 99.5 29.35 98.04 28.9 96.57 C27.69 92.69 26.5 88.79 25.3 84.9 C24.07 80.89 22.83 76.87 21.59 72.85 C20.11 68.05 18.63 63.26 17.15 58.46 C14.34 49.32 11.51 40.2 8.66 31.08 C8.04 29.1 7.43 27.13 6.81 25.15 C5.98 22.48 5.14 19.8 4.3 17.12 C3.55 14.74 2.81 12.36 2.07 9.98 C1.86 9.31 1.64 8.63 1.42 7.93 C0.56 5.16 0 2.93 0 0 Z " fill="#918F90" transform="translate(111,310)"/>
<path d="M0 0 C12.74 10.47 18 23.44 19.82 39.5 C20.18 46.04 20.11 52.06 18.82 58.5 C-7.58 58.5 -33.98 58.5 -61.18 58.5 C-59.29 78.31 -59.29 78.31 -48.24 93.25 C-35.47 100.98 -20.34 100.45 -6.18 97.5 C-1.88 96.33 2.34 94.95 6.55 93.52 C9.82 92.5 9.82 92.5 12.82 92.5 C13.16 94.85 13.49 97.2 13.82 99.56 C13.92 100.22 14.01 100.87 14.11 101.55 C14.71 105.9 14.91 110.11 14.82 114.5 C-5.61 123.77 -34.66 126.8 -56.09 118.78 C-69.85 113.04 -78.56 104.83 -84.66 91.19 C-92.71 69.66 -92.39 43.6 -83.18 22.5 C-76.56 8.94 -66.47 -0.56 -52.3 -5.88 C-35.77 -11.56 -14.32 -10.6 0 0 Z M-53.61 21.3 C-57.45 26.66 -60.18 32.89 -60.18 39.5 C-43.02 39.5 -25.86 39.5 -8.18 39.5 C-9.27 27.1 -9.27 27.1 -16.41 17.57 C-28.52 9.3 -43.48 10.41 -53.61 21.3 Z " fill="#221E1F" transform="translate(917.1796875,316.50390625)"/>
<path d="M0 0 C-0.96 15.74 -0.96 15.74 -2 23 C-5.54 24.24 -7.6 23.69 -11.12 22.56 C-21.43 19.83 -34.17 18.89 -43.96 23.76 C-44.64 24.17 -45.31 24.58 -46 25 C-46.96 25.58 -46.96 25.58 -47.94 26.18 C-55.33 31.58 -58.84 40.84 -60.62 49.54 C-62.78 63.6 -62.35 79.36 -54.31 91.5 C-50.11 96.55 -44.37 99.61 -38 101 C-24.99 101.82 -14.34 100.11 -2 96 C-0.7 104.05 0.34 111.84 0 120 C-11.09 125.54 -22.43 126.29 -34.62 126.38 C-35.76 126.39 -36.89 126.4 -38.05 126.42 C-51.93 126.34 -66.01 123.01 -76.38 113.25 C-90.27 98 -92.72 77.37 -91.81 57.5 C-90.25 39.15 -84.35 21.36 -70 9 C-51.87 -3.97 -20.88 -10.44 0 0 Z " fill="#221E1F" transform="translate(1267,312)"/>
<path d="M0 0 C0.03 2.27 0.05 4.54 0.06 6.81 C0.07 8.08 0.09 9.34 0.1 10.64 C0 14 0 14 -1 17 C-1.89 16.88 -2.77 16.75 -3.69 16.62 C-4.33 16.54 -4.97 16.45 -5.62 16.36 C-7.4 16.09 -9.17 15.8 -10.94 15.49 C-22.56 13.52 -35.64 11.77 -46.17 18.36 C-49.6 21.11 -52.06 23.6 -53 28 C-53.51 33.14 -53.33 37.5 -50.74 42.06 C-43.86 49.73 -30.96 52.56 -21.46 55.52 C-11.94 58.5 -2.25 62.34 3.36 71.12 C7.7 79.66 8.3 88.75 6.35 98.12 C2.56 109.57 -4.49 116.42 -15 122 C-32.88 130.79 -53.85 129.13 -73 126 C-72.67 119.73 -72.34 113.46 -72 107 C-69.42 107.5 -66.84 107.99 -64.19 108.5 C-48.37 111.25 -32.89 112.28 -19 103 C-15.92 99.26 -14.1 94.84 -14 90 C-15.21 83.9 -16.79 80.62 -22 77 C-28.29 73.72 -35.1 71.62 -41.84 69.46 C-65.29 61.91 -65.29 61.91 -72 50 C-75.2 41.02 -75.71 29.5 -72.44 20.44 C-67.51 10.32 -59.16 4.14 -48.75 0.25 C-33.24 -4.4 -15.63 -4.14 0 0 Z " fill="#918F90" transform="translate(87,310)"/>
<path d="M0 0 C9.14 -0.3 19.23 0.79 28.05 3.12 C28.08 5.39 28.1 7.66 28.11 9.93 C28.12 11.2 28.14 12.46 28.15 13.77 C28.05 17.12 28.05 17.12 27.05 20.12 C26.16 20 25.28 19.87 24.36 19.75 C23.72 19.66 23.08 19.57 22.43 19.48 C20.65 19.21 18.88 18.92 17.11 18.61 C5.49 16.64 -7.59 14.89 -18.12 21.48 C-21.55 24.23 -24.01 26.72 -24.95 31.12 C-25.45 36.26 -25.28 40.62 -22.69 45.18 C-15.76 52.91 -2.95 55.56 6.56 58.64 C18.2 62.43 26.45 66.27 33.21 76.95 C36.97 84.97 36.16 95.79 33.49 104 C28.56 115.59 20.43 121.86 9.18 126.87 C-7.98 133.54 -27.08 132.04 -44.95 129.12 C-44.62 122.85 -44.29 116.58 -43.95 110.12 C-41.37 110.62 -38.79 111.11 -36.14 111.62 C-21.71 114.14 -6.9 115.28 6.43 108.37 C10.46 104.92 12.33 101.33 13.99 96.25 C14.08 91.87 13.16 87.97 11.05 84.12 C4.18 77.78 -5.06 75.38 -13.79 72.58 C-27.87 68.05 -37.52 64.08 -44.82 50.68 C-47.77 41.77 -47.32 29.62 -43.2 21.19 C-36.59 10.24 -26.43 4.94 -14.24 1.83 C-9.46 0.8 -4.87 0.3 0 0 Z " fill="#918F90" transform="translate(543.94921875,306.87890625)"/>
<path d="M0 0 C0.79 0.09 1.59 0.17 2.4 0.26 C5.61 0.63 8.55 1.04 11.62 2.06 C11.62 7.67 11.62 13.28 11.62 19.06 C6.95 18.48 2.52 17.88 -2.06 17 C-13.32 15.15 -23.83 15.21 -34.38 20.06 C-36.83 21.95 -37.75 23.32 -39.38 26.06 C-39.83 26.81 -40.28 27.55 -40.75 28.31 C-41.9 33.36 -41.64 38.31 -39.46 43.05 C-33.98 50.64 -23.62 53.04 -15.11 55.78 C-14.19 56.08 -13.28 56.37 -12.33 56.68 C-10.53 57.25 -8.73 57.81 -6.92 58.35 C2.1 61.18 10.4 65.94 15.62 74.06 C18.32 79.33 19.15 83.49 19.06 89.38 C19.05 90.12 19.05 90.87 19.04 91.64 C18.75 101.29 15.22 109.01 8.62 116.06 C-3.54 126.97 -18.4 130.26 -34.38 130.25 C-35.29 130.25 -36.21 130.25 -37.15 130.25 C-45.06 130.19 -52.57 129.32 -60.38 128.06 C-60.38 121.79 -60.38 115.52 -60.38 109.06 C-57.8 109.56 -55.22 110.05 -52.56 110.56 C-37.6 113.16 -21.69 114.59 -8.31 106.12 C-3.73 101.25 -2.23 96.7 -2.38 90.06 C-3.79 84.49 -6.26 81.85 -10.74 78.59 C-16.71 75.13 -23.59 73.5 -30.17 71.53 C-41.82 68.02 -52.6 64.14 -59.25 53.37 C-63.33 44.97 -63.82 35.1 -61.65 26.04 C-60.72 23.58 -59.67 21.35 -58.38 19.06 C-57.87 18.12 -57.87 18.12 -57.35 17.15 C-51.94 8.42 -42.02 3.57 -32.38 1.06 C-21.37 -1.09 -11.08 -1.31 0 0 Z " fill="#918F90" transform="translate(452.375,307.9375)"/>
<path d="M0 0 C0 41.58 0 83.16 0 126 C-8.91 126 -17.82 126 -27 126 C-27 91.68 -27 57.36 -27 22 C-31.29 21.67 -35.58 21.34 -40 21 C-43 20.68 -46 20.36 -49 20 C-49 14.06 -49 8.12 -49 2 C-32.36 0.1 -17 0 0 0 Z " fill="#221F1F" transform="translate(1147,310)"/>
<path d="M0 0 C0 41.58 0 83.16 0 126 C-6.27 126 -12.54 126 -19 126 C-19 89.7 -19 53.4 -19 16 C-25.27 15.34 -31.54 14.68 -38 14 C-38.99 13.67 -39.98 13.34 -41 13 C-41 9.04 -41 5.08 -41 1 C-34.92 0.17 -28.88 -0.32 -22.75 -0.62 C-21.45 -0.7 -21.45 -0.7 -20.13 -0.78 C-13.2 -1.13 -7.07 -0.59 0 0 Z " fill="#918F90" transform="translate(354,310)"/>
<path d="M0 0 C4.44 2.5 7.06 5.44 8.69 10.31 C9.19 15.58 9.36 19.94 7 24.75 C3.03 29.15 -0.43 32.07 -6.31 33.31 C-12.37 33.41 -16.57 32.28 -21.31 28.31 C-25.78 23.36 -26.74 19.47 -26.65 12.95 C-26.09 8.55 -24.35 5.51 -21.31 2.31 C-14.87 -2.65 -7.36 -3.34 0 0 Z " fill="#221E20" transform="translate(1142.3125,259.6875)"/>
</svg>
